100
472406	
770035	
480581	
646885	
469630	
471631	
781612	
118677	
410759	
296464	
923639	
786009	
512686	
739738	
647246	
193571	
811571	
905029	
549548	
235246	
889427	
773477	
473164	
332824	
148239	
850176	
207383	
290676	
760820	
637422	
148694	
694082	
670538	
67503	
186681	
818271	
873684	
32856	
593483	
736391	
503563	
529976	
996072	
353616	
908165	
752026	
576287	
73278	
806903	
233855	
701956	
33869	
267225	
952499	
911858	
932558	
856391	
109583	
109382	
654490	
87726	
196017	
559423	
765127	
933061	
275203	
122734	
414456	
998	
289255	
172455	
531242	
805652	
702168	
399383	
680329	
705022	
788508	
360622	
5944	
86258	
131110	
665806	
522949	
878446	
579650	
664257	
827001	
339198	
899490	
690720	
272013	
828528	
297175	
276659	
967465	
201756	
835860	
502800	
470706

